Webots Project File version 8.4.0
perspectives: 000000ff00000000fd0000000200000001000002ea000003f9fc0200000001fb0000001400540065007800740045006400690074006f00720100000000000003f9000000a900ffffff00000003000007800000006bfc0100000001fb0000000e0043006f006e0073006f006c00650100000000000007800000004f00ffffff00000490000003f900000001000000020000000100000008fc00000000
simulationViewPerspectives: 000000ff00000001000000020000016c000004a00100000006010000000101
sceneTreePerspectives: 000000ff0000000100000002000000c00000018b0100000006010000000201
minimizedPerspectives: 
maximizedDockId: -1
centralWidgetVisible: 1
orthographicViewHeight: 1
textFiles: 0 "protos/Airrobot.proto"
renderingDevicePerspectives: 0;1;1;0.161028;0.134274
