Webots Project File version 8.4.0
perspectives: 000000ff00000000fd00000002000000010000029d00000242fc0200000001fb0000001400540065007800740045006400690074006f00720100000015000002420000009d00ffffff0000000300000640000000d4fc0100000001fb0000000e0043006f006e0073006f006c00650100000000000006400000005400ffffff0000039d0000024200000001000000020000000100000008fc00000000
simulationViewPerspectives: 000000ff000000010000000200000157000003120100000006010000000101
sceneTreePerspectives: 000000ff0000000100000002000000c0000000f50100000006010000000201
minimizedPerspectives: 
maximizedDockId: -1
centralWidgetVisible: 1
orthographicViewHeight: 3.07081
textFiles: 1 "protos/Airrobot2.proto" "controllers/airrobot/airrobot.cpp"
renderingDevicePerspectives: 704;1;0.254167;0.14294;0.118774
