Webots Project File version 8.4.0
perspectives: 000000ff00000000fd00000002000000010000023a000003b0fc0200000001fb0000001400540065007800740045006400690074006f00720100000000000003b0000000a900ffffff00000003000004d7000000b4fc0100000001fb0000000e0043006f006e0073006f006c00650100000000000004d70000004f00ffffff00000297000003b000000001000000020000000100000008fc00000000
simulationViewPerspectives: 000000ff00000001000000020000018f000003ab0100000006010000000101
sceneTreePerspectives: 000000ff0000000100000002000000c00000018b0100000006010000000201
minimizedPerspectives: 000000ff00000000fd00000001000000030000078000000138fc0100000001fc00000000000007800000011800fffffffa000000000200000002fb0000001400540065007800740045006400690074006f00720100000000ffffffff000000a900fffffffb0000000e0043006f006e0073006f006c006501000002ba000001380000006b00ffffff00000780000002b400000001000000020000000100000008fc00000000
maximizedDockId: -1
centralWidgetVisible: 1
orthographicViewHeight: 10.2701
textFiles: 3 "protos/Airrobot2.proto" "protos/RotorAR200.proto" "protos/PropellerAR200.proto" "controllers/airrobot3/airrobot3.cpp" "../../../Applications/Webots/projects/samples/demos/controllers/blimp_lis/blimp_lis.cpp"
renderingDevicePerspectives: 2546;0;0.15625;0.0325255;0.0500566;1232;467;688;450;0
