Webots Project File version 8.4.0
perspectives: 000000ff00000000fd0000000200000002000007800000011bfc0100000001fb0000001400540065007800740045006400690074006f007203fffffb0600000017000003c2000003be000000030000078000000138fc0100000001fb0000000e0043006f006e0073006f006c00650100000000000007800000004f00ffffff00000780000002b400000001000000020000000100000008fc00000000
simulationViewPerspectives: 000000ff00000001000000020000016c000004a00100000006010000000101
sceneTreePerspectives: 000000ff0000000100000002000000c00000018b0100000006010000000201
minimizedPerspectives: 
maximizedDockId: -1
centralWidgetVisible: 1
orthographicViewHeight: 2.65661
textFiles: 1 "controllers/airrobot/airrobot.cpp" "protos/Airrobot.proto"
renderingDevicePerspectives: 704;1;0.669922;0.120323;0.310918
